6508 89 1
4848 32 1
507 18 1
8880 82 1
5626 52 0
6428 55 0
3531 1 1
7129 36 0
5914 80 1
4343 25 1
4800 69 1
5031 81 1
131 16 1
7971 18 0
6703 37 0
1246 54 0
7159 45 0
730 76 0
837 65 0
8151 18 0
3558 36 1
4050 94 1
7666 35 0
6024 99 1
4331 29 1
1798 61 0
471 66 0
3762 54 0
2968 48 0
7210 88 1
963 84 0
86 81 0
4161 67 0
6348 40 0
3615 86 1
7568 7 0
3620 60 0
4206 77 1
5777 1 1
1001 6 1
6989 4 0
2877 31 1
3539 83 0
8044 55 0
8631 80 1
6232 12 1
7415 74 1
5853 91 1
107 92 0
242 74 0
365 70 0
7158 15 0
357 36 0
8207 91 1
643 30 1
4083 59 0
6981 97 1
4787 43 1
7714 9 0
6765 73 1
1228 16 1
4562 46 1
8576 47 0
820 73 0
6945 80 1
8051 94 1
6800 84 1
3073 34 1
855 78 0
1281 0 1
589 40 0
3405 10 1
218 77 0
7665 88 1
6946 0 1
6382 7 1
5946 66 1
6378 13 1
691 30 1
5989 23 1
1806 78 0
7485 26 0
4011 17 1
1864 28 1
3415 47 0
4518 42 1
1188 63 0
6299 65 1
6985 66 1
832 97 0
1082 95 0
5719 94 1
8020 38 0
6127 16 1
6259 83 1
827 38 0
5522 100 1
306 4 1
2532 22 1
5875 64 1
7248 62 0
7487 43 0
1808 28 1
909 45 0
600 38 0
8678 34 0
7156 52 0
4882 50 1
7662 83 1
8347 45 0
3164 15 1
1552 20 1
1674 5 1
4188 65 0
1692 20 1
816 75 0
6853 13 0
3359 94 1
3085 85 0
1711 62 0
577 72 0
8622 35 0
1634 100 0
2914 69 0
848 39 0
2792 60 0
5601 7 1
7424 78 1
2016 37 1
2529 15 1
5313 63 1
6335 72 1
4608 68 1
4829 59 1
6357 57 0
1484 19 1
5856 12 1
8657 99 1
4781 91 1
6574 3 1
4621 81 1
7618 16 0
5190 96 1
4082 71 0
1124 29 1
6500 28 0
7492 64 1
4748 81 1
956 72 0
1271 71 0
6559 99 1
298 40 0
3276 70 0
7265 3 0
8588 43 0
933 42 0
7956 45 0
826 33 1
6326 58 0
8874 82 1
2458 94 0
3211 35 1
7025 52 0
8949 47 0
1053 49 0
6316 54 0
8029 39 0
4984 9 1
451 68 0
2002 37 1
5338 71 1
419 1 1
1860 91 0
6409 55 0
7287 72 1
3191 52 0
7864 78 1
400 30 1
8444 100 1
6519 26 0
4798 1 1
576 4 1
2998 58 0
6918 9 0
8186 15 0
7096 50 0
7294 72 1
4723 64 1
3720 75 0
3453 65 0
8262 72 1
7621 99 1
818 45 0
4323 99 1
2817 26 1
4809 62 1
4573 27 1
2595 22 1
3072 10 1
4629 98 1
5896 14 1
8513 67 0
3646 18 1
8254 99 1
4766 7 1
6305 42 0
5459 5 1
1995 36 1
5882 53 0
5627 63 1
3053 98 0
4397 25 1
6438 45 0
7151 75 1
8325 98 1
8846 100 1
414 48 0
670 90 0
8214 18 0
650 52 0
8346 49 0
7918 29 0
4019 57 0
6408 6 1
2232 19 1
6335 5 1
1630 78 0
6418 60 1
4381 73 1
5190 43 1
7355 91 1
8122 49 0
2834 4 1
688 47 0
1632 26 1
6732 8 0
6947 46 0
7875 77 1
8867 31 0
4056 59 0
5311 92 1
5385 43 0
4996 21 1
3565 49 0
4280 25 1
2475 55 0
3759 96 1
5817 22 1
749 31 1
612 57 0
1864 100 0
8123 16 0
1286 14 1
2212 71 0
3740 67 0
4325 83 1
41 32 0
3973 10 1
5951 98 1
3089 95 0
3480 37 1
7062 9 0
8257 19 0
6918 69 1
8737 49 0
8972 15 0
8035 15 0
5918 54 0
2494 37 1
8730 6 0
1573 3 1
8057 60 0
4223 67 0
2025 32 1
2549 91 0
1026 0 1
8371 38 0
8019 13 0
645 86 0
7322 70 1
8122 64 0
5610 3 1
5750 89 1
4942 2 1
6277 0 1
3571 75 0
5845 42 0
4303 99 1
5451 14 1
8991 27 0
3978 31 1
8883 40 0
8046 44 0
7253 22 0
254 40 0
62 64 0
3630 64 0
3196 33 1
4157 71 0
831 24 1
1041 19 1
414 93 0
3817 64 0
1151 5 1
5875 39 0
7313 44 0
33 66 0
5131 73 1
3971 66 0
5701 49 0
7905 65 0
1290 94 0
6699 0 1
384 30 1
960 85 0
3584 20 1
5500 63 1
5472 50 0
5987 57 1
380 81 0
8510 33 0
4090 100 1
8938 2 0
4763 25 1
1977 22 1
2269 25 1
2578 80 0
6645 47 0
7252 66 1
3153 63 0
997 52 0
3802 68 0
8965 20 0
2435 85 0
1126 39 0
8234 76 1
7008 44 0
3957 17 1
3403 23 1
5952 93 1
4905 10 1
4321 91 1
8409 88 1
5910 84 1
2837 26 1
8936 3 0
2391 32 1
8777 31 0
7834 59 0
4729 99 1
4369 21 1
1022 88 0
406 36 0
8667 42 0
7866 67 1
8606 37 0
7893 18 0
8893 39 0
1117 58 0
7396 85 1
8253 77 1
3686 63 0
7692 88 1
244 28 1
4818 55 1
4202 45 1
1058 23 1
6777 98 1
4050 62 0
7191 50 0
4563 51 0
8848 77 1
2267 95 0
5323 31 1
7574 67 1
2008 13 1
5650 81 1
2024 16 1
1753 42 0
1330 35 1
5069 51 0
5689 48 0
7111 20 0
6078 57 0
7054 68 1
1588 71 0
2287 18 1
3191 1 1
4679 26 1
4146 3 1
1074 1 1
5427 76 1
2759 99 0
8945 77 1
3453 33 1
3724 99 1
5067 70 1
5236 94 1
4944 64 1
1774 92 0
461 48 0
6095 76 1
8219 56 0
4193 13 1
2404 40 1
7660 27 0
8316 84 1
3701 49 0
2 35 0
630 84 0
6356 21 0
7128 53 0
3270 36 1
4373 47 1
4259 30 1
85 1 1
866 46 0
3132 72 0
1899 54 0
2745 14 1
2166 69 0
2368 29 1
7643 97 1
3797 99 1
2897 15 1
5228 87 1
1399 20 1
1364 48 0
2018 25 1
2852 81 0
8743 67 0
5893 64 1
8586 97 1
4908 74 1
7774 36 0
4003 17 1
4023 18 1
4841 39 1
6840 63 1
2256 27 1
5514 31 1
4182 78 1
1616 26 1
8897 77 1
4922 100 1
4165 43 1
5109 0 1
6004 17 1
4329 16 1
7251 80 1
7436 7 0
4536 21 1
1104 7 1
1426 60 0
3730 37 1
8914 97 1
7224 17 0
205 65 0
8702 48 0
2594 18 1
1509 22 1
3246 54 0
8706 7 0
1899 88 0
7519 26 0
220 90 0
5364 88 1
183 90 0
7900 86 1
4173 95 1
5551 19 1
8336 58 0
1214 54 0
873 43 0
2944 19 1
8289 27 0
8920 79 1
5545 57 1
8478 63 0
2848 20 1
6860 90 1
7510 13 0
4360 86 1
7779 89 1
8507 52 0
5722 58 1
5273 2 1
2338 47 0
1433 91 0
2372 47 0
7174 52 0
2673 2 1
4760 92 1
3499 72 0
4968 80 1
5324 99 1
5430 32 1
337 99 0
5054 91 1
1595 39 0
1493 51 0
3850 19 1
7477 69 1
7673 91 1
952 46 0
7808 89 1
3632 7 1
6384 81 1
6331 97 1
3816 34 1
2580 56 0
325 38 0
4837 36 1
6683 93 1
2688 23 1
3736 66 0
7383 56 0
8074 69 1
5888 85 1
4694 67 1
5388 36 1
7960 84 1
8804 21 0
1726 79 0
6850 1 1
3971 42 1
1353 84 0
2786 23 1
838 85 0
6253 70 1
1160 66 0
114 61 0
1489 49 0
8699 32 0
8428 32 0
8494 76 1
3012 16 1
1256 33 1
4715 76 1
7112 24 0
588 79 0
1582 70 0
6436 32 0
581 54 0
2825 30 1
4709 27 1
430 23 1
2590 81 0
6812 99 1
4536 67 1
4252 54 0
1445 32 1
7371 41 0
132 64 0
8669 24 0
4031 45 1
3794 95 1
1594 1 1
1101 99 0
7198 2 0
8093 71 1
4726 17 1
5317 63 1
5192 84 1
5204 76 1
5121 5 1
5189 58 1
2926 6 1
5214 81 1
706 29 1
7333 0 0
294 30 1
8824 26 0
180 52 0
7399 56 0
7393 91 1
1582 46 0
8694 22 0
8613 0 0
6004 55 0
6261 10 1
7838 22 0
3533 25 1
6976 10 0
4190 65 0
4849 12 1
8475 82 1
1820 65 0
7287 18 0
3002 68 0
503 31 1
1011 76 0
8172 69 1
3008 72 0
3309 82 0
5323 94 1
7348 47 0
7712 99 1
4683 23 1
2984 16 1
8836 94 1
380 16 1
999 55 0
1953 90 0
5726 71 1
2770 69 0
4538 14 1
3671 38 1
6046 53 0
7724 92 1
4438 52 0
4194 27 1
4234 13 1
5208 24 1
2190 55 0
8505 75 1
2263 92 0
7911 5 0
5421 1 1
2319 62 0
8032 48 0
370 0 1
6096 73 1
5157 55 1
2734 58 0
974 95 0
6433 4 1
3061 12 1
2352 88 0
4335 84 1
4723 59 1
6889 58 0
4578 82 1
722 96 0
3554 87 1
2207 12 1
8809 56 0
5873 71 1
781 44 0
6006 38 0
5985 27 0
1944 16 1
5818 47 0
4413 64 0
6527 40 0
7134 88 1
2933 12 1
7343 46 0
4169 24 1
374 91 0
808 39 0
1074 39 0
6375 87 1
6521 71 1
2317 53 0
5542 51 0
8712 84 1
3672 72 0
1408 39 0
3 62 0
8768 1 0
1135 71 0
7211 61 0
8443 29 0
6146 9 1
1886 43 0
2989 57 0
253 1 1
1666 32 1
5573 39 0
6451 90 1
4924 19 1
2348 62 0
7705 50 0
118 75 0
5895 11 1
8397 43 0
1335 26 1
1611 20 1
2499 67 0
673 10 1
668 14 1
4848 6 1
1506 59 0
6008 21 1
1 27 1
3756 13 1
3435 25 1
2180 45 0
6726 64 1
435 32 1
1312 3 1
4415 10 1
5896 45 0
5701 20 1
1260 35 1
76 38 0
1789 30 1
6076 83 1
8298 52 0
550 91 0
7713 71 1
538 99 0
3453 20 1
6518 55 0
8236 47 0
2303 57 0
2774 93 0
2136 69 0
8772 4 0
5501 99 1
2568 66 0
3754 11 1
7884 25 0
2798 56 0
4568 18 1
2566 16 1
3472 18 1
6605 70 1
2579 9 1
6113 32 0
8216 79 1
5154 87 1
6901 27 0
7274 17 0
2661 16 1
7506 15 0
5034 24 1
2964 98 0
8291 72 1
1670 27 1
5502 85 1
7940 91 1
4766 10 1
4016 88 1
2304 5 1
1649 90 0
355 20 1
3520 17 1
4675 2 1
2046 25 1
6736 82 1
1770 43 0
1940 64 0
8388 71 1
1499 63 0
1925 36 1
2141 36 1
250 50 0
8395 67 0
4245 72 1
7885 3 0
5222 53 0
3458 4 1
6808 73 1
6849 70 1
6925 34 0
6306 7 1
1199 60 0
5875 58 1
8897 14 0
232 78 0
2569 56 0
984 88 0
7632 45 0
5528 79 1
5006 61 1
368 61 0
6217 50 0
692 4 1
907 89 0
6102 92 1
2696 23 1
8779 93 1
3898 24 1
8668 81 1
3823 44 1
6540 11 1
3663 17 1
3931 65 0
4387 14 1
7548 58 0
8798 58 0
1556 43 0
5510 57 1
2420 70 0
5668 80 1
5219 93 1
276 90 0
1383 24 1
2541 46 0
2147 25 1
1038 7 1
4441 70 1
1372 23 1
2527 7 1
2948 86 0
2632 63 0
8418 62 0
3721 23 1
6370 6 1
4830 74 1
614 86 0
4450 82 1
1430 37 1
7984 53 0
8918 37 0
57 43 0
7509 74 1
2261 72 0
7350 13 0
1560 84 0
7591 74 1
4109 54 0
7860 19 0
7956 50 0
2959 75 0
4711 44 1
5580 42 0
1017 98 0
5721 68 1
8111 73 1
796 98 0
1631 17 1
8293 34 0
8728 93 1
8577 93 1
1292 97 0
8055 22 0
378 77 0
1875 79 0
7340 9 0
6960 9 0
3909 23 1
8843 96 1
1658 22 1
8673 8 0
2627 55 0
7301 62 0
1062 27 1
8401 57 0
3579 85 0
1881 45 0
4691 96 1
5320 56 1
5031 52 0
289 5 1
2433 50 0
2991 83 0
5343 59 1
312 4 1
7859 24 0
1064 18 1
7183 5 0
3391 92 1
7365 34 0
5071 63 1
5946 82 1
515 86 0
1469 10 1
1145 96 0
2284 17 1
7750 98 1
6270 64 1
3648 44 1
2876 86 0
1477 17 1
4379 77 1
5693 9 1
7526 35 0
3990 9 1
4766 34 1
8469 13 0
1049 15 1
2943 67 0
6200 61 1
7253 32 0
7663 76 1
883 74 0
4782 75 1
7047 36 0
5965 8 1
3781 27 1
1604 91 0
1464 77 0
6301 8 1
6725 32 0
6788 13 0
2469 67 0
4591 28 1
1947 43 0
1751 1 1
7224 28 0
843 58 0
5096 84 1
3724 1 1
3755 17 1
6521 87 1
3303 90 0
8672 37 0
6259 72 1
4525 59 0
4913 25 1
3282 59 0
6331 4 1
7026 87 1
5811 22 1
2246 41 0
6748 13 0
7305 77 1
7275 13 0
3926 54 0
3023 84 0
5817 40 0
2349 42 0
8851 30 0
6422 0 1
2580 88 0
6275 70 1
8154 87 1
3107 44 1
1307 22 1
3326 95 1
5920 75 1
6351 98 1
8597 67 0
7516 92 1
4022 80 1
979 56 0
6133 57 0
2920 95 0
7719 95 1
4813 68 1
7968 81 1
3597 69 0
8715 35 0
6766 61 1
474 40 0
1230 80 0
157 38 0
8376 94 1
5205 8 1
8481 89 1
5280 7 1
472 52 0
449 95 0
5863 91 1
1021 54 0
7954 98 1
8661 35 0
6671 24 0
7848 42 0
8857 33 0
1552 78 0
7436 48 0
725 75 0
6197 58 1
399 22 1
4356 58 0
1501 70 0
3748 81 0
4888 35 1
4818 40 1
3376 26 1
6442 83 1
499 17 1
7533 81 1
5757 65 1
3154 28 1
6550 19 0
575 93 0
7952 1 0
8316 74 1
2792 28 1
7528 4 0
2169 59 0
8324 32 0
3917 95 1
2743 24 1
5365 32 1
3515 87 0
8019 74 1
4294 62 0
3835 80 1
7380 99 1
1538 80 0
7081 53 0
6965 59 0
8867 66 0
7009 87 1
5556 93 1
2288 24 1
4530 61 0
3864 35 1
6654 61 1
8877 10 0
4210 82 1
2975 52 0
5453 64 1
1268 85 0
